              precision    recall  f1-score   support

           A       0.75      1.00      0.86        12
           B       0.86      1.00      0.92        12
           C       0.80      1.00      0.89        12
           D       0.92      1.00      0.96        12
           E       0.92      1.00      0.96        12
           F       0.80      1.00      0.89        12
           G       0.80      1.00      0.89        12
           H       0.86      1.00      0.92        12
           I       0.86      1.00      0.92        12
           J       0.92      1.00      0.96        12
           K       0.86      1.00      0.92        12
           L       1.00      1.00      1.00        12
           M       1.00      1.00      1.00        12
           N       1.00      1.00      1.00        12
           O       1.00      1.00      1.00        12
           P       0.71      1.00      0.83        12
           Q       0.86      1.00      0.92        12
           R       0.86      1.00      0.92        12
           S       0.86      1.00      0.92        12
           T       0.71      1.00      0.83        12
           U       1.00      1.00      1.00        12
           V       0.92      1.00      0.96        12
           W       0.50      0.08      0.14        12
           X       0.00      0.00      0.00        12
           Y       0.00      0.00      0.00        12
           Z       0.00      0.00      0.00        12

    accuracy                           0.85       312
   macro avg       0.76      0.85      0.79       312
weighted avg       0.76      0.85      0.79       312
